0.1612903225806452
0.03772112382934443
0.006814138498204156
0.0009891491368360871
0.0001185155647822040
0.00001194713354659314
1.027710412610163e-6
7.624948222591531e-8
4.919321433930020e-9
2.777036293347592e-10
1.378181783299053e-11
6.033514719511984e-13
2.335554084972381e-14
8.004923275106950e-16
2.430337237224121e-17
6.533164616193875e-19
1.552874441879699e-20
3.256027055554207e-22
6.001893189961672e-24
9.680472887034954e-26
1.357710082333093e-27
1.642391228628742e-29
1.695371590842572e-31
1.472407088821092e-33
1.055488952559923e-35
6.080005487096330e-38
2.705230472567889e-40
8.726549911509318e-43
1.816139419668953e-45
1.830785705311444e-48
